# N Sorted Random Reversed Nearly_Sorted Ten_Repeated_Values (minimum seconds)
100 0.000003400000 0.000012400000 0.000003100000 0.000005900000 0.000008900000
500 0.000047400000 0.000065300000 0.000046600000 0.000052200000 0.000059100000
1000 0.000106300000 0.000144500000 0.000108600000 0.000110100000 0.000123400000
5000 0.000571500000 0.000754600000 0.000596100000 0.000592100000 0.000645100000
10000 0.001187400000 0.001418200000 0.001239900000 0.001237200000 0.001300500000
20000 0.001692400000 0.003210500000 0.002582800000 0.002569900000 0.001425900000
50000 0.006967300000 0.011233600000 0.006860900000 0.006726300000 0.005666000000
100000 0.013290700000 0.024352300000 0.014432900000 0.014295000000 0.007937900000
500000 0.077576900000 0.153554100000 0.079456500000 0.079102900000 0.045325300000
1000000 0.157725500000 0.333937000000 0.166242100000 0.162955900000 0.094163100000
