# N Sorted Random Reversed Nearly_Sorted Ten_Repeated_Values (minimum seconds)
100 0.000003000000 0.000012700000 0.000003100000 0.000003300000 0.000009800000
500 0.000017500000 0.000062100000 0.000018500000 0.000021600000 0.000056600000
1000 0.000036700000 0.000134000000 0.000039000000 0.000045800000 0.000118400000
5000 0.000207100000 0.000688900000 0.000214400000 0.000263600000 0.000622100000
10000 0.000431600000 0.001455200000 0.000448900000 0.000542100000 0.001265200000
20000 0.000625700000 0.002870300000 0.000903800000 0.001138100000 0.001384400000
50000 0.002359300000 0.009521100000 0.002550900000 0.003040200000 0.005528900000
100000 0.005484300000 0.020622300000 0.005346600000 0.006384800000 0.009154200000
500000 0.028631700000 0.121245200000 0.030414000000 0.036806300000 0.045282800000
1000000 0.062359800000 0.248489900000 0.065679500000 0.077798300000 0.092465300000
