# N Sorted Random Reversed Nearly_Sorted Ten_Repeated_Values (minimum seconds)
100 0.000005700000 0.000011400000 0.000006600000 0.000006100000 0.000007500000
500 0.000032300000 0.000058900000 0.000038800000 0.000033300000 0.000058700000
1000 0.000068200000 0.000127500000 0.000079900000 0.000076300000 0.000169700000
5000 0.000391100000 0.000640900000 0.000441000000 0.000440200000 0.002878000000
10000 0.000806700000 0.001581000000 0.000871900000 0.000921800000 0.011029100000
20000 0.001167600000 0.002533400000 0.001862700000 0.001900900000 0.027404900000
50000 0.003959100000 0.009208400000 0.004812600000 0.005225900000 non_mesure
100000 0.009620900000 0.019609200000 0.010089200000 0.010412000000 non_mesure
500000 0.053204900000 0.113161100000 0.057457300000 0.057839000000 non_mesure
1000000 0.112104100000 0.234838800000 0.118035900000 0.120522900000 non_mesure
