# N Balanced_Partitions Random All_Equal (minimum seconds)
100 0.000001400000 0.000009100000 0.000010900000
500 0.000009400000 0.000055500000 0.000213600000
1000 0.000020600000 0.000122300000 0.000976700000
5000 0.000095200000 0.000621000000 0.024319800000
10000 0.000197800000 0.001568100000 0.074805100000
20000 0.000540200000 0.002212800000 0.254889600000
50000 0.001727600000 0.008217600000 non_mesure
100000 0.003267600000 0.019569400000 non_mesure
500000 0.016037600000 0.062315800000 non_mesure
1000000 0.034281200000 0.138757900000 non_mesure
