# N 'Perfect partitioned' Random 'fully duplicates values'
10000 0.000355300 0.000902000 0.054710400
11000 0.000482400 0.001242400 0.066998800
12000 0.000464400 0.001157000 0.078660500
13000 0.000479900 0.001217100 0.092372600
14000 0.000517500 0.001314200 0.107064300
15000 0.000545400 0.001420500 0.127070100
16000 0.000619400 0.001591700 0.143423900
17000 0.000626700 0.001593400 0.157915800
18000 0.000703000 0.001821700 0.175694700
19000 0.000703900 0.001821400 0.195980300
20000 0.000759100 0.001900500 0.217377800
