# Size Selection_Sort Bubble_Sort Insertion_Sort Quick_Sort Merge_Sort 
10000 0.096947 0.128369 0.010032 0.000601 0.000612
11000 0.117113 0.152957 0.012247 0.000584 0.000635
12000 0.139583 0.184296 0.014245 0.000645 0.000722
13000 0.163244 0.216181 0.016683 0.000708 0.000784
14000 0.189905 0.250618 0.019240 0.000783 0.000856
15000 0.216288 0.289173 0.021820 0.000919 0.001064
16000 0.243052 0.327995 0.025447 0.000970 0.000997
17000 0.275200 0.370428 0.028873 0.001365 0.001338
18000 0.311759 0.412451 0.031332 0.000986 0.001112
19000 0.343664 0.459046 0.035789 0.001037 0.001187
20000 0.380988 0.510890 0.039058 0.001121 0.001244
