# Size Selection_Sort Bubble_Sort Insertion_Sort Quick_Sort Merge_Sort Heap_Sort (minimum seconds)
100 0.000025900000 0.000033100000 0.000008800000 0.000011400000 0.000012700000 0.000012400000
500 0.000649400000 0.000423400000 0.000126200000 0.000058900000 0.000062100000 0.000065300000
1000 0.002625800000 0.001507900000 0.000505000000 0.000127500000 0.000134000000 0.000144500000
5000 0.060450300000 0.052932500000 0.013210900000 0.000640900000 0.000688900000 0.000754600000
10000 0.271826600000 0.297710600000 0.052194500000 0.001581000000 0.001455200000 0.001418200000
20000 0.726125300000 1.212559100000 0.206013300000 0.002533400000 0.002870300000 0.003210500000
50000 non_mesure non_mesure non_mesure 0.009208400000 0.009521100000 0.011233600000
100000 non_mesure non_mesure non_mesure 0.019609200000 0.020622300000 0.024352300000
500000 non_mesure non_mesure non_mesure 0.113161100000 0.121245200000 0.153554100000
1000000 non_mesure non_mesure non_mesure 0.234838800000 0.248489900000 0.333937000000
